Cycle 1
PC: 0000
Instruction: 3C11ABDE
Registers:
[0] 00000000
[1] 00000000
[2] 00000000
[3] 00000000
[4] 00000000
[5] 00000000
[6] 00000000
[7] 00000000
[8] 00000000
[9] 00000000
[10] 00000000
[11] 00000000
[12] 00000000
[13] 00000000
[14] 00000000
[15] 00000000
[16] 00000000
[17] 00000000
[18] 00000000
[19] 00000000
[20] 00000000
[21] 00000000
[22] 00000000
[23] 00000000
[24] 00000000
[25] 00000000
[26] 00000000
[27] 00000000
[28] 00000000
[29] 00000000
[30] 00000000
[31] 00000000
Memory I/O: 

Cycle 2
PC: 0004
Instruction: 36249AFE
Registers:
[0] 00000000
[1] 00000000
[2] 00000000
[3] 00000000
[4] 00000000
[5] 00000000
[6] 00000000
[7] 00000000
[8] 00000000
[9] 00000000
[10] 00000000
[11] 00000000
[12] 00000000
[13] 00000000
[14] 00000000
[15] 00000000
[16] 00000000
[17] 00000000
[18] 00000000
[19] 00000000
[20] 00000000
[21] 00000000
[22] 00000000
[23] 00000000
[24] 00000000
[25] 00000000
[26] 00000000
[27] 00000000
[28] 00000000
[29] 00000000
[30] 00000000
[31] 00000000
Memory I/O: 

Cycle 3
PC: 0008
Instruction: 3625ABDE
Registers:
[0] 00000000
[1] 00000000
[2] 00000000
[3] 00000000
[4] 00000000
[5] 00000000
[6] 00000000
[7] 00000000
[8] 00000000
[9] 00000000
[10] 00000000
[11] 00000000
[12] 00000000
[13] 00000000
[14] 00000000
[15] 00000000
[16] 00000000
[17] 00000000
[18] 00000000
[19] 00000000
[20] 00000000
[21] 00000000
[22] 00000000
[23] 00000000
[24] 00000000
[25] 00000000
[26] 00000000
[27] 00000000
[28] 00000000
[29] 00000000
[30] 00000000
[31] 00000000
Memory I/O: 

Cycle 4
PC: 000C
Instruction: 3626AAAA
Registers:
[0] 00000000
[1] 00000000
[2] 00000000
[3] 00000000
[4] 00000000
[5] 00000000
[6] 00000000
[7] 00000000
[8] 00000000
[9] 00000000
[10] 00000000
[11] 00000000
[12] 00000000
[13] 00000000
[14] 00000000
[15] 00000000
[16] 00000000
[17] 00000000
[18] 00000000
[19] 00000000
[20] 00000000
[21] 00000000
[22] 00000000
[23] 00000000
[24] 00000000
[25] 00000000
[26] 00000000
[27] 00000000
[28] 00000000
[29] 00000000
[30] 00000000
[31] 00000000
Memory I/O: 

Cycle 5
PC: 0010
Instruction: 00854024
Registers:
[0] 00000000
[1] 00000000
[2] 00000000
[3] 00000000
[4] 00000000
[5] 00000000
[6] 00000000
[7] 00000000
[8] 00000000
[9] 00000000
[10] 00000000
[11] 00000000
[12] 00000000
[13] 00000000
[14] 00000000
[15] 00000000
[16] 00000000
[17] ABDE0000
[18] 00000000
[19] 00000000
[20] 00000000
[21] 00000000
[22] 00000000
[23] 00000000
[24] 00000000
[25] 00000000
[26] 00000000
[27] 00000000
[28] 00000000
[29] 00000000
[30] 00000000
[31] 00000000
Memory I/O: 

Cycle 6
PC: 0014
Instruction: 01084027
Registers:
[0] 00000000
[1] 00000000
[2] 00000000
[3] 00000000
[4] FFFF9AFE
[5] 00000000
[6] 00000000
[7] 00000000
[8] 00000000
[9] 00000000
[10] 00000000
[11] 00000000
[12] 00000000
[13] 00000000
[14] 00000000
[15] 00000000
[16] 00000000
[17] ABDE0000
[18] 00000000
[19] 00000000
[20] 00000000
[21] 00000000
[22] 00000000
[23] 00000000
[24] 00000000
[25] 00000000
[26] 00000000
[27] 00000000
[28] 00000000
[29] 00000000
[30] 00000000
[31] 00000000
Memory I/O: 

Cycle 7
PC: 0018
Instruction: 00A64827
Registers:
[0] 00000000
[1] 00000000
[2] 00000000
[3] 00000000
[4] FFFF9AFE
[5] FFFFABDE
[6] 00000000
[7] 00000000
[8] 00000000
[9] 00000000
[10] 00000000
[11] 00000000
[12] 00000000
[13] 00000000
[14] 00000000
[15] 00000000
[16] 00000000
[17] ABDE0000
[18] 00000000
[19] 00000000
[20] 00000000
[21] 00000000
[22] 00000000
[23] 00000000
[24] 00000000
[25] 00000000
[26] 00000000
[27] 00000000
[28] 00000000
[29] 00000000
[30] 00000000
[31] 00000000
Memory I/O: 

Cycle 8
PC: 001C
Instruction: 01095025
Registers:
[0] 00000000
[1] 00000000
[2] 00000000
[3] 00000000
[4] FFFF9AFE
[5] FFFFABDE
[6] FFFFAAAA
[7] 00000000
[8] 00000000
[9] 00000000
[10] 00000000
[11] 00000000
[12] 00000000
[13] 00000000
[14] 00000000
[15] 00000000
[16] 00000000
[17] ABDE0000
[18] 00000000
[19] 00000000
[20] 00000000
[21] 00000000
[22] 00000000
[23] 00000000
[24] 00000000
[25] 00000000
[26] 00000000
[27] 00000000
[28] 00000000
[29] 00000000
[30] 00000000
[31] 00000000
Memory I/O: 

Cycle 9
PC: 0020
Instruction: 314AFFFF
Registers:
[0] 00000000
[1] 00000000
[2] 00000000
[3] 00000000
[4] FFFF9AFE
[5] FFFFABDE
[6] FFFFAAAA
[7] 00000000
[8] FFFF8ADE
[9] 00000000
[10] 00000000
[11] 00000000
[12] 00000000
[13] 00000000
[14] 00000000
[15] 00000000
[16] 00000000
[17] ABDE0000
[18] 00000000
[19] 00000000
[20] 00000000
[21] 00000000
[22] 00000000
[23] 00000000
[24] 00000000
[25] 00000000
[26] 00000000
[27] 00000000
[28] 00000000
[29] 00000000
[30] 00000000
[31] 00000000
Memory I/O: 

Cycle 10
PC: 0024
Instruction: 1000FFFF
Registers:
[0] 00000000
[1] 00000000
[2] 00000000
[3] 00000000
[4] FFFF9AFE
[5] FFFFABDE
[6] FFFFAAAA
[7] 00000000
[8] FFFFFFFF
[9] 00000000
[10] 00000000
[11] 00000000
[12] 00000000
[13] 00000000
[14] 00000000
[15] 00000000
[16] 00000000
[17] ABDE0000
[18] 00000000
[19] 00000000
[20] 00000000
[21] 00000000
[22] 00000000
[23] 00000000
[24] 00000000
[25] 00000000
[26] 00000000
[27] 00000000
[28] 00000000
[29] 00000000
[30] 00000000
[31] 00000000
Memory I/O: 

Cycle 11
PC: 0028
Instruction: 00000000
Registers:
[0] 00000000
[1] 00000000
[2] 00000000
[3] 00000000
[4] FFFF9AFE
[5] FFFFABDE
[6] FFFFAAAA
[7] 00000000
[8] FFFFFFFF
[9] 00005401
[10] 00000000
[11] 00000000
[12] 00000000
[13] 00000000
[14] 00000000
[15] 00000000
[16] 00000000
[17] ABDE0000
[18] 00000000
[19] 00000000
[20] 00000000
[21] 00000000
[22] 00000000
[23] 00000000
[24] 00000000
[25] 00000000
[26] 00000000
[27] 00000000
[28] 00000000
[29] 00000000
[30] 00000000
[31] 00000000
Memory I/O: 

Cycle 12
PC: 002C
Instruction: 00000000
Registers:
[0] 00000000
[1] 00000000
[2] 00000000
[3] 00000000
[4] FFFF9AFE
[5] FFFFABDE
[6] FFFFAAAA
[7] 00000000
[8] FFFFFFFF
[9] 00005401
[10] FFFFFFFF
[11] 00000000
[12] 00000000
[13] 00000000
[14] 00000000
[15] 00000000
[16] 00000000
[17] ABDE0000
[18] 00000000
[19] 00000000
[20] 00000000
[21] 00000000
[22] 00000000
[23] 00000000
[24] 00000000
[25] 00000000
[26] 00000000
[27] 00000000
[28] 00000000
[29] 00000000
[30] 00000000
[31] 00000000
Memory I/O: 

Cycle 13
PC: 0030
Instruction: 00000000
Registers:
[0] 00000000
[1] 00000000
[2] 00000000
[3] 00000000
[4] FFFF9AFE
[5] FFFFABDE
[6] FFFFAAAA
[7] 00000000
[8] FFFFFFFF
[9] 00005401
[10] 00000000
[11] 00000000
[12] 00000000
[13] 00000000
[14] 00000000
[15] 00000000
[16] 00000000
[17] ABDE0000
[18] 00000000
[19] 00000000
[20] 00000000
[21] 00000000
[22] 00000000
[23] 00000000
[24] 00000000
[25] 00000000
[26] 00000000
[27] 00000000
[28] 00000000
[29] 00000000
[30] 00000000
[31] 00000000
Memory I/O: 

Cycle 14
PC: 0024
Instruction: 00000000
Registers:
[0] 00000000
[1] 00000000
[2] 00000000
[3] 00000000
[4] FFFF9AFE
[5] FFFFABDE
[6] FFFFAAAA
[7] 00000000
[8] FFFFFFFF
[9] 00005401
[10] 00000000
[11] 00000000
[12] 00000000
[13] 00000000
[14] 00000000
[15] 00000000
[16] 00000000
[17] ABDE0000
[18] 00000000
[19] 00000000
[20] 00000000
[21] 00000000
[22] 00000000
[23] 00000000
[24] 00000000
[25] 00000000
[26] 00000000
[27] 00000000
[28] 00000000
[29] 00000000
[30] 00000000
[31] 00000000
Memory I/O: 

Cycle 15
PC: 0024
Instruction: 00000000
Registers:
[0] 00000000
[1] 00000000
[2] 00000000
[3] 00000000
[4] FFFF9AFE
[5] FFFFABDE
[6] FFFFAAAA
[7] 00000000
[8] FFFFFFFF
[9] 00005401
[10] 00000000
[11] 00000000
[12] 00000000
[13] 00000000
[14] 00000000
[15] 00000000
[16] 00000000
[17] ABDE0000
[18] 00000000
[19] 00000000
[20] 00000000
[21] 00000000
[22] 00000000
[23] 00000000
[24] 00000000
[25] 00000000
[26] 00000000
[27] 00000000
[28] 00000000
[29] 00000000
[30] 00000000
[31] 00000000
Memory I/O: 

Cycle 16
PC: 0024
Instruction: 00000000
Registers:
[0] 00000000
[1] 00000000
[2] 00000000
[3] 00000000
[4] FFFF9AFE
[5] FFFFABDE
[6] FFFFAAAA
[7] 00000000
[8] FFFFFFFF
[9] 00005401
[10] 00000000
[11] 00000000
[12] 00000000
[13] 00000000
[14] 00000000
[15] 00000000
[16] 00000000
[17] ABDE0000
[18] 00000000
[19] 00000000
[20] 00000000
[21] 00000000
[22] 00000000
[23] 00000000
[24] 00000000
[25] 00000000
[26] 00000000
[27] 00000000
[28] 00000000
[29] 00000000
[30] 00000000
[31] 00000000
Memory I/O: 

Cycle 17
PC: 0024
Instruction: 00000000
Registers:
[0] 00000000
[1] 00000000
[2] 00000000
[3] 00000000
[4] FFFF9AFE
[5] FFFFABDE
[6] FFFFAAAA
[7] 00000000
[8] FFFFFFFF
[9] 00005401
[10] 00000000
[11] 00000000
[12] 00000000
[13] 00000000
[14] 00000000
[15] 00000000
[16] 00000000
[17] ABDE0000
[18] 00000000
[19] 00000000
[20] 00000000
[21] 00000000
[22] 00000000
[23] 00000000
[24] 00000000
[25] 00000000
[26] 00000000
[27] 00000000
[28] 00000000
[29] 00000000
[30] 00000000
[31] 00000000
Memory I/O: 

Cycle 18
PC: 0024
Instruction: 00000000
Registers:
[0] 00000000
[1] 00000000
[2] 00000000
[3] 00000000
[4] FFFF9AFE
[5] FFFFABDE
[6] FFFFAAAA
[7] 00000000
[8] FFFFFFFF
[9] 00005401
[10] 00000000
[11] 00000000
[12] 00000000
[13] 00000000
[14] 00000000
[15] 00000000
[16] 00000000
[17] ABDE0000
[18] 00000000
[19] 00000000
[20] 00000000
[21] 00000000
[22] 00000000
[23] 00000000
[24] 00000000
[25] 00000000
[26] 00000000
[27] 00000000
[28] 00000000
[29] 00000000
[30] 00000000
[31] 00000000
Memory I/O: 

Cycle 19
PC: 0024
Instruction: 00000000
Registers:
[0] 00000000
[1] 00000000
[2] 00000000
[3] 00000000
[4] FFFF9AFE
[5] FFFFABDE
[6] FFFFAAAA
[7] 00000000
[8] FFFFFFFF
[9] 00005401
[10] 00000000
[11] 00000000
[12] 00000000
[13] 00000000
[14] 00000000
[15] 00000000
[16] 00000000
[17] ABDE0000
[18] 00000000
[19] 00000000
[20] 00000000
[21] 00000000
[22] 00000000
[23] 00000000
[24] 00000000
[25] 00000000
[26] 00000000
[27] 00000000
[28] 00000000
[29] 00000000
[30] 00000000
[31] 00000000
Memory I/O: 

Cycle 20
PC: 0024
Instruction: 00000000
Registers:
[0] 00000000
[1] 00000000
[2] 00000000
[3] 00000000
[4] FFFF9AFE
[5] FFFFABDE
[6] FFFFAAAA
[7] 00000000
[8] FFFFFFFF
[9] 00005401
[10] 00000000
[11] 00000000
[12] 00000000
[13] 00000000
[14] 00000000
[15] 00000000
[16] 00000000
[17] ABDE0000
[18] 00000000
[19] 00000000
[20] 00000000
[21] 00000000
[22] 00000000
[23] 00000000
[24] 00000000
[25] 00000000
[26] 00000000
[27] 00000000
[28] 00000000
[29] 00000000
[30] 00000000
[31] 00000000
Memory I/O: 

Cycle 21
PC: 0024
Instruction: 00000000
Registers:
[0] 00000000
[1] 00000000
[2] 00000000
[3] 00000000
[4] FFFF9AFE
[5] FFFFABDE
[6] FFFFAAAA
[7] 00000000
[8] FFFFFFFF
[9] 00005401
[10] 00000000
[11] 00000000
[12] 00000000
[13] 00000000
[14] 00000000
[15] 00000000
[16] 00000000
[17] ABDE0000
[18] 00000000
[19] 00000000
[20] 00000000
[21] 00000000
[22] 00000000
[23] 00000000
[24] 00000000
[25] 00000000
[26] 00000000
[27] 00000000
[28] 00000000
[29] 00000000
[30] 00000000
[31] 00000000
Memory I/O: 

Cycle 22
PC: 0024
Instruction: 00000000
Registers:
[0] 00000000
[1] 00000000
[2] 00000000
[3] 00000000
[4] FFFF9AFE
[5] FFFFABDE
[6] FFFFAAAA
[7] 00000000
[8] FFFFFFFF
[9] 00005401
[10] 00000000
[11] 00000000
[12] 00000000
[13] 00000000
[14] 00000000
[15] 00000000
[16] 00000000
[17] ABDE0000
[18] 00000000
[19] 00000000
[20] 00000000
[21] 00000000
[22] 00000000
[23] 00000000
[24] 00000000
[25] 00000000
[26] 00000000
[27] 00000000
[28] 00000000
[29] 00000000
[30] 00000000
[31] 00000000
Memory I/O: 

Cycle 23
PC: 0024
Instruction: 00000000
Registers:
[0] 00000000
[1] 00000000
[2] 00000000
[3] 00000000
[4] FFFF9AFE
[5] FFFFABDE
[6] FFFFAAAA
[7] 00000000
[8] FFFFFFFF
[9] 00005401
[10] 00000000
[11] 00000000
[12] 00000000
[13] 00000000
[14] 00000000
[15] 00000000
[16] 00000000
[17] ABDE0000
[18] 00000000
[19] 00000000
[20] 00000000
[21] 00000000
[22] 00000000
[23] 00000000
[24] 00000000
[25] 00000000
[26] 00000000
[27] 00000000
[28] 00000000
[29] 00000000
[30] 00000000
[31] 00000000
Memory I/O: 

Cycle 24
PC: 0024
Instruction: 00000000
Registers:
[0] 00000000
[1] 00000000
[2] 00000000
[3] 00000000
[4] FFFF9AFE
[5] FFFFABDE
[6] FFFFAAAA
[7] 00000000
[8] FFFFFFFF
[9] 00005401
[10] 00000000
[11] 00000000
[12] 00000000
[13] 00000000
[14] 00000000
[15] 00000000
[16] 00000000
[17] ABDE0000
[18] 00000000
[19] 00000000
[20] 00000000
[21] 00000000
[22] 00000000
[23] 00000000
[24] 00000000
[25] 00000000
[26] 00000000
[27] 00000000
[28] 00000000
[29] 00000000
[30] 00000000
[31] 00000000
Memory I/O: 

Cycle 25
PC: 0024
Instruction: 00000000
Registers:
[0] 00000000
[1] 00000000
[2] 00000000
[3] 00000000
[4] FFFF9AFE
[5] FFFFABDE
[6] FFFFAAAA
[7] 00000000
[8] FFFFFFFF
[9] 00005401
[10] 00000000
[11] 00000000
[12] 00000000
[13] 00000000
[14] 00000000
[15] 00000000
[16] 00000000
[17] ABDE0000
[18] 00000000
[19] 00000000
[20] 00000000
[21] 00000000
[22] 00000000
[23] 00000000
[24] 00000000
[25] 00000000
[26] 00000000
[27] 00000000
[28] 00000000
[29] 00000000
[30] 00000000
[31] 00000000
Memory I/O: 

Cycle 26
PC: 0024
Instruction: 00000000
Registers:
[0] 00000000
[1] 00000000
[2] 00000000
[3] 00000000
[4] FFFF9AFE
[5] FFFFABDE
[6] FFFFAAAA
[7] 00000000
[8] FFFFFFFF
[9] 00005401
[10] 00000000
[11] 00000000
[12] 00000000
[13] 00000000
[14] 00000000
[15] 00000000
[16] 00000000
[17] ABDE0000
[18] 00000000
[19] 00000000
[20] 00000000
[21] 00000000
[22] 00000000
[23] 00000000
[24] 00000000
[25] 00000000
[26] 00000000
[27] 00000000
[28] 00000000
[29] 00000000
[30] 00000000
[31] 00000000
Memory I/O: 

Cycle 27
PC: 0024
Instruction: 00000000
Registers:
[0] 00000000
[1] 00000000
[2] 00000000
[3] 00000000
[4] FFFF9AFE
[5] FFFFABDE
[6] FFFFAAAA
[7] 00000000
[8] FFFFFFFF
[9] 00005401
[10] 00000000
[11] 00000000
[12] 00000000
[13] 00000000
[14] 00000000
[15] 00000000
[16] 00000000
[17] ABDE0000
[18] 00000000
[19] 00000000
[20] 00000000
[21] 00000000
[22] 00000000
[23] 00000000
[24] 00000000
[25] 00000000
[26] 00000000
[27] 00000000
[28] 00000000
[29] 00000000
[30] 00000000
[31] 00000000
Memory I/O: 

Cycle 28
PC: 0024
Instruction: 00000000
Registers:
[0] 00000000
[1] 00000000
[2] 00000000
[3] 00000000
[4] FFFF9AFE
[5] FFFFABDE
[6] FFFFAAAA
[7] 00000000
[8] FFFFFFFF
[9] 00005401
[10] 00000000
[11] 00000000
[12] 00000000
[13] 00000000
[14] 00000000
[15] 00000000
[16] 00000000
[17] ABDE0000
[18] 00000000
[19] 00000000
[20] 00000000
[21] 00000000
[22] 00000000
[23] 00000000
[24] 00000000
[25] 00000000
[26] 00000000
[27] 00000000
[28] 00000000
[29] 00000000
[30] 00000000
[31] 00000000
Memory I/O: 

Cycle 29
PC: 0024
Instruction: 00000000
Registers:
[0] 00000000
[1] 00000000
[2] 00000000
[3] 00000000
[4] FFFF9AFE
[5] FFFFABDE
[6] FFFFAAAA
[7] 00000000
[8] FFFFFFFF
[9] 00005401
[10] 00000000
[11] 00000000
[12] 00000000
[13] 00000000
[14] 00000000
[15] 00000000
[16] 00000000
[17] ABDE0000
[18] 00000000
[19] 00000000
[20] 00000000
[21] 00000000
[22] 00000000
[23] 00000000
[24] 00000000
[25] 00000000
[26] 00000000
[27] 00000000
[28] 00000000
[29] 00000000
[30] 00000000
[31] 00000000
Memory I/O: 

Cycle 30
PC: 0024
Instruction: 00000000
Registers:
[0] 00000000
[1] 00000000
[2] 00000000
[3] 00000000
[4] FFFF9AFE
[5] FFFFABDE
[6] FFFFAAAA
[7] 00000000
[8] FFFFFFFF
[9] 00005401
[10] 00000000
[11] 00000000
[12] 00000000
[13] 00000000
[14] 00000000
[15] 00000000
[16] 00000000
[17] ABDE0000
[18] 00000000
[19] 00000000
[20] 00000000
[21] 00000000
[22] 00000000
[23] 00000000
[24] 00000000
[25] 00000000
[26] 00000000
[27] 00000000
[28] 00000000
[29] 00000000
[30] 00000000
[31] 00000000
Memory I/O: 

